  3.6392839e+003  3.7108138e+002
 -2.4944743e+002  2.6702924e+002
  8.6806377e+002  4.1770883e+002
  7.7248439e+002  4.4669945e+002
  1.6635104e+002  4.3890542e+002
  1.1009996e+003  2.9908667e+002
  3.5267258e+003  3.6599989e+002
 -1.8174086e+004 -8.9325775e+001
  5.0930516e+002  2.7139777e+002
  9.8156425e+001  3.2913443e+002
  1.1910250e+003  3.5760076e+002
  8.4184451e+002  4.0592498e+002
  1.4305520e+003  2.4283663e+002
  3.9682906e+003  3.7812938e+002
  2.3263196e+003  3.1023100e+002
  3.0083357e+002  3.6609377e+002
  8.8463935e+002  4.0924566e+002
  7.1995141e+002  3.5402545e+002
 -5.0248911e+002  2.9491059e+002
  1.1009996e+003  2.9908667e+002
  3.6160349e+003  3.7138383e+002
  3.0083357e+002  3.6609377e+002
  8.8533699e+002  4.0998981e+002
  6.3572201e+002  3.0657153e+002
 -4.9459262e+002  2.8602965e+002
  1.9659045e+002  4.3597569e+002
  1.1009996e+003  2.9908667e+002
  3.6083932e+003  3.7230100e+002
 -2.1585096e+002  2.6566382e+002
  1.6635104e+002  4.3890542e+002
  7.2348579e+002  3.5694427e+002
  1.0978198e+003  3.1167747e+002
  8.6225351e+002  4.0007231e+002
  3.5868772e+003  3.7048464e+002
  1.3527480e+002  3.3331186e+002
  9.6695600e+002  3.7485339e+002
  1.1232438e+002  4.4941178e+002
 -1.3569422e+003  2.8012568e+002
  7.5029873e+002  4.0609250e+002
  8.8652106e+002  4.3860422e+002
  3.6014839e+003  3.7057945e+002
  3.0087166e+002  3.6620330e+002
 -1.6623911e+003  3.2251430e+002
  8.5785006e+002  3.8429933e+002
  6.3572201e+002  3.0657153e+002
  1.0540912e+003  3.0099511e+002
  4.2326446e+002 -1.3368760e+005
  4.2326446e+002 -1.3368760e+005
  4.2326446e+002 -1.3368760e+005
  4.2326446e+002 -1.3368760e+005
  4.2326446e+002 -1.3368760e+005
  4.2326446e+002 -1.3368760e+005
  4.2326446e+002 -1.3368760e+005
